# n  DE_yc  DE_yc_err  DE_y2c  DE_y2c_err  DE_y3c  DE_y3c_err  DE_Ac  DE_Ac_err
  1.00000000e+00   9.84780042e-01   1.11424627e-03   1.96700506e+00   2.81814573e-03   1.73497747e+00   2.94770998e-03   2.94521795e+00   7.55397393e-03
  2.00000000e+00   9.84196727e-01   1.10378489e-03   1.96608386e+00   2.82069829e-03   1.71178497e+00   2.92911899e-03   2.94414648e+00   7.80018805e-03
  3.00000000e+00   9.83361328e-01   1.09795191e-03   1.96402207e+00   2.85847918e-03   1.68786028e+00   2.94748343e-03   2.94169836e+00   8.08121948e-03
  4.00000000e+00   9.82603393e-01   1.09603023e-03   1.96251571e+00   2.90020586e-03   1.66421730e+00   2.96421886e-03   2.93806508e+00   8.36829228e-03
  5.00000000e+00   9.81834397e-01   1.10080619e-03   1.96108585e+00   2.93060470e-03   1.64139168e+00   2.94380781e-03   2.93547131e+00   8.61049824e-03
  6.00000000e+00   9.80741442e-01   1.10668787e-03   1.95862844e+00   3.00717888e-03   1.61787070e+00   2.99577953e-03   2.93108882e+00   9.01854911e-03
  7.00000000e+00   9.79884730e-01   1.13487379e-03   1.95657925e+00   3.11085334e-03   1.59508832e+00   3.03573094e-03   2.92705439e+00   9.39716607e-03
  8.00000000e+00   9.79553065e-01   1.16076434e-03   1.95616239e+00   3.19933926e-03   1.57445734e+00   3.04894884e-03   2.92621271e+00   9.72301626e-03
  9.00000000e+00   9.78842536e-01   1.19548933e-03   1.95475972e+00   3.29512692e-03   1.55375028e+00   3.07154951e-03   2.92505814e+00   9.98424656e-03
  1.00000000e+01   9.78192709e-01   1.23674159e-03   1.95461970e+00   3.41239130e-03   1.53433351e+00   3.08105682e-03   2.92468136e+00   1.01963410e-02
  1.10000000e+01   9.77180257e-01   1.27706872e-03   1.95262878e+00   3.51844771e-03   1.51471033e+00   3.14041530e-03   2.92570940e+00   1.06138408e-02
  1.20000000e+01   9.76213100e-01   1.32772755e-03   1.95042116e+00   3.66794670e-03   1.49430182e+00   3.22741374e-03   2.92277005e+00   1.10847266e-02
  1.30000000e+01   9.75067704e-01   1.38115836e-03   1.94873014e+00   3.78703972e-03   1.47403871e+00   3.24894045e-03   2.91768463e+00   1.13150373e-02
  1.40000000e+01   9.74020695e-01   1.43211259e-03   1.94782280e+00   3.92499618e-03   1.45567331e+00   3.22789970e-03   2.91667839e+00   1.14156858e-02
  1.50000000e+01   9.73119095e-01   1.47981864e-03   1.94629822e+00   4.09559257e-03   1.43705901e+00   3.34757163e-03   2.91292037e+00   1.21572311e-02
  1.60000000e+01   9.72198468e-01   1.52508325e-03   1.94428210e+00   4.23504963e-03   1.41887783e+00   3.42456336e-03   2.90996949e+00   1.28177329e-02
  1.70000000e+01   9.70493545e-01   1.57874902e-03   1.94113305e+00   4.35060225e-03   1.40138158e+00   3.44149738e-03   2.91047158e+00   1.32158728e-02
  1.80000000e+01   9.69367980e-01   1.62779321e-03   1.93948631e+00   4.45137379e-03   1.38449133e+00   3.39971581e-03   2.91032138e+00   1.34836727e-02
  1.90000000e+01   9.67893454e-01   1.68744772e-03   1.93731330e+00   4.58782599e-03   1.36822253e+00   3.52563298e-03   2.91056818e+00   1.42150835e-02
  2.00000000e+01   9.66086620e-01   1.75114394e-03   1.93356811e+00   4.70178882e-03   1.34947310e+00   3.51943240e-03   2.90271591e+00   1.45876770e-02
  2.10000000e+01   9.63800867e-01   1.80860304e-03   1.92767662e+00   4.87794453e-03   1.32980690e+00   3.67608115e-03   2.89021766e+00   1.55055298e-02
  2.20000000e+01   9.62074633e-01   1.88017469e-03   1.92240998e+00   5.08612890e-03   1.31216875e+00   3.78291804e-03   2.88088897e+00   1.62181021e-02
  2.30000000e+01   9.60041500e-01   1.94621815e-03   1.91793497e+00   5.28469678e-03   1.29632028e+00   3.85501113e-03   2.87652489e+00   1.69677962e-02
  2.40000000e+01   9.57571226e-01   2.00593496e-03   1.91233133e+00   5.44449141e-03   1.28000645e+00   3.92698896e-03   2.86910979e+00   1.79323902e-02
  2.50000000e+01   9.55222589e-01   2.07349318e-03   1.90879137e+00   5.72429124e-03   1.26450466e+00   4.03531529e-03   2.86164819e+00   1.87913211e-02
  2.60000000e+01   9.52557721e-01   2.15148205e-03   1.90441654e+00   5.94546857e-03   1.24970502e+00   4.09921483e-03   2.85609997e+00   1.97015949e-02
  2.70000000e+01   9.49421363e-01   2.23178007e-03   1.89504133e+00   6.15942050e-03   1.23110070e+00   4.22546278e-03   2.83467304e+00   2.07049372e-02
  2.80000000e+01   9.47097949e-01   2.30461141e-03   1.89117508e+00   6.43745344e-03   1.21710848e+00   4.31931289e-03   2.82974605e+00   2.15069708e-02
  2.90000000e+01   9.44053052e-01   2.38305782e-03   1.88462451e+00   6.66592361e-03   1.20106728e+00   4.40775419e-03   2.81036410e+00   2.24447004e-02
  3.00000000e+01   9.40747276e-01   2.45687607e-03   1.87750877e+00   6.87237254e-03   1.18553990e+00   4.52090808e-03   2.79209004e+00   2.38220774e-02
  3.10000000e+01   9.37796483e-01   2.53222225e-03   1.87138746e+00   7.20164071e-03   1.17149558e+00   4.65554652e-03   2.77980390e+00   2.50474305e-02
  3.20000000e+01   9.34650359e-01   2.61097791e-03   1.86427961e+00   7.48357001e-03   1.15833488e+00   4.74082471e-03   2.76921001e+00   2.59957562e-02
  3.30000000e+01   9.30795805e-01   2.69915643e-03   1.85769644e+00   7.78665552e-03   1.14449124e+00   4.84471747e-03   2.75005435e+00   2.70680189e-02
  3.40000000e+01   9.27124003e-01   2.78053699e-03   1.85104533e+00   8.19802028e-03   1.13193972e+00   4.99305800e-03   2.74359282e+00   2.84615385e-02
  3.50000000e+01   9.23222254e-01   2.90059832e-03   1.84280229e+00   8.47503521e-03   1.11895179e+00   5.11159463e-03   2.72193817e+00   2.94904158e-02
  3.60000000e+01   9.19321899e-01   3.01087436e-03   1.83701980e+00   8.81029457e-03   1.10869611e+00   5.22611730e-03   2.73140506e+00   3.15155766e-02
  3.70000000e+01   9.15130435e-01   3.11325633e-03   1.82742794e+00   9.10434784e-03   1.09395860e+00   5.35053746e-03   2.69801094e+00   3.29750857e-02
  3.80000000e+01   9.11034851e-01   3.22638369e-03   1.81795341e+00   9.41122892e-03   1.08220186e+00   5.43586054e-03   2.69388916e+00   3.43141276e-02
  3.90000000e+01   9.06995152e-01   3.34733771e-03   1.81230861e+00   9.82059606e-03   1.07151994e+00   5.57453728e-03   2.68376278e+00   3.58281373e-02
  4.00000000e+01   9.02512586e-01   3.47409257e-03   1.80357989e+00   1.02412926e-02   1.05990439e+00   5.70114841e-03   2.66509064e+00   3.78244589e-02
  4.10000000e+01   8.98210495e-01   3.59998813e-03   1.79608530e+00   1.06271116e-02   1.05131589e+00   5.86476861e-03   2.67191257e+00   4.00303801e-02
  4.20000000e+01   8.93374137e-01   3.72159186e-03   1.78477588e+00   1.09901526e-02   1.03982082e+00   5.94784758e-03   2.66247786e+00   4.20740654e-02
  4.30000000e+01   8.88295262e-01   3.83597448e-03   1.77143950e+00   1.12710721e-02   1.02613133e+00   5.99536310e-03   2.63796514e+00   4.31814466e-02
  4.40000000e+01   8.82908186e-01   3.95396211e-03   1.76109813e+00   1.17522824e-02   1.01438195e+00   6.06998848e-03   2.61490608e+00   4.58269093e-02
  4.50000000e+01   8.77513946e-01   4.07883780e-03   1.75339933e+00   1.20194094e-02   1.00414313e+00   6.07315253e-03   2.60190686e+00   4.81376827e-02
  4.60000000e+01   8.71828915e-01   4.20911032e-03   1.74418029e+00   1.24837348e-02   9.93279139e-01   6.14855383e-03   2.60450454e+00   5.00969676e-02
  4.70000000e+01   8.65929051e-01   4.35524706e-03   1.72440871e+00   1.28373168e-02   9.80988452e-01   6.24505436e-03   2.57638638e+00   5.12339288e-02
  4.80000000e+01   8.59865580e-01   4.46686176e-03   1.70821691e+00   1.32800789e-02   9.68044347e-01   6.42545373e-03   2.54988744e+00   5.39381138e-02
  4.90000000e+01   8.53760002e-01   4.60037147e-03   1.69255412e+00   1.35924698e-02   9.57198148e-01   6.46697673e-03   2.53600891e+00   5.57873025e-02
  5.00000000e+01   8.47230647e-01   4.71929781e-03   1.67872312e+00   1.41317113e-02   9.46453347e-01   6.67835467e-03   2.53480576e+00   5.98086840e-02
  5.10000000e+01   8.40811565e-01   4.85741029e-03   1.66642756e+00   1.46383351e-02   9.35925233e-01   6.77977317e-03   2.53186562e+00   6.19658552e-02
  5.20000000e+01   8.33448059e-01   5.01275783e-03   1.65204098e+00   1.51764316e-02   9.24542074e-01   6.93041634e-03   2.51410638e+00   6.56270199e-02
  5.30000000e+01   8.26161627e-01   5.16667906e-03   1.63590126e+00   1.56013077e-02   9.14286367e-01   7.04493601e-03   2.52045076e+00   6.95967182e-02
  5.40000000e+01   8.16699762e-01   5.30723218e-03   1.61987409e+00   1.60403559e-02   9.02765899e-01   7.22175357e-03   2.49904142e+00   7.33514288e-02
  5.50000000e+01   8.07633087e-01   5.45574771e-03   1.59686383e+00   1.65837813e-02   8.88643435e-01   7.42659232e-03   2.45498180e+00   7.84780013e-02
  5.60000000e+01   7.98696621e-01   5.62578527e-03   1.57790433e+00   1.73198803e-02   8.77115921e-01   7.66503652e-03   2.46690676e+00   8.28613139e-02
  5.70000000e+01   7.89325825e-01   5.80339826e-03   1.56187937e+00   1.81944982e-02   8.63680838e-01   7.80086923e-03   2.46294442e+00   8.64183012e-02
  5.80000000e+01   7.78611703e-01   5.94823143e-03   1.54147538e+00   1.90377897e-02   8.46781900e-01   7.95743929e-03   2.40657730e+00   9.01604401e-02
  5.90000000e+01   7.67780057e-01   6.10308457e-03   1.52292779e+00   1.96926149e-02   8.33586500e-01   8.07555554e-03   2.39173429e+00   9.50017243e-02
  6.00000000e+01   7.57560597e-01   6.22960372e-03   1.50590542e+00   2.01129313e-02   8.18120029e-01   8.20523123e-03   2.32578192e+00   9.69196281e-02
  6.10000000e+01   7.46056931e-01   6.32759391e-03   1.49423428e+00   2.06632962e-02   8.06223730e-01   8.36263396e-03   2.32689334e+00   1.02356464e-01
  6.20000000e+01   7.35201384e-01   6.47013818e-03   1.46266299e+00   2.12698072e-02   7.89621325e-01   8.45376932e-03   2.23488207e+00   1.05589374e-01
  6.30000000e+01   7.22420346e-01   6.59866133e-03   1.43194207e+00   2.19898757e-02   7.76390708e-01   8.59000546e-03   2.25115535e+00   1.09804151e-01
  6.40000000e+01   7.08896868e-01   6.68570889e-03   1.40396759e+00   2.24818502e-02   7.60188477e-01   8.69184445e-03   2.19535613e+00   1.14512828e-01
  6.50000000e+01   6.96247427e-01   6.85029867e-03   1.38207943e+00   2.31833614e-02   7.46734263e-01   8.94800293e-03   2.20338359e+00   1.20463254e-01
  6.60000000e+01   6.82635220e-01   6.96627205e-03   1.35228393e+00   2.34987583e-02   7.30164239e-01   9.12771361e-03   2.20192538e+00   1.28927094e-01
  6.70000000e+01   6.68161084e-01   7.06317275e-03   1.32401394e+00   2.39087656e-02   7.14317427e-01   9.28576458e-03   2.16006110e+00   1.33514396e-01
  6.80000000e+01   6.53511698e-01   7.13446637e-03   1.30093390e+00   2.44783873e-02   6.99317978e-01   9.31468220e-03   2.15100612e+00   1.41615844e-01
  6.90000000e+01   6.38655562e-01   7.21244632e-03   1.26847778e+00   2.48735666e-02   6.80314388e-01   9.36944806e-03   2.05646425e+00   1.47810204e-01
  7.00000000e+01   6.23617874e-01   7.33139901e-03   1.23679351e+00   2.54190614e-02   6.63655126e-01   9.54658986e-03   2.00772198e+00   1.53009531e-01
  7.10000000e+01   6.08016945e-01   7.42654936e-03   1.20719973e+00   2.59671752e-02   6.46529178e-01   9.67084899e-03   1.98156896e+00   1.56355635e-01
  7.20000000e+01   5.91122492e-01   7.49200239e-03   1.18195800e+00   2.66781262e-02   6.28551580e-01   9.73844859e-03   1.93563020e+00   1.62648316e-01
  7.30000000e+01   5.74501963e-01   7.58223353e-03   1.14680945e+00   2.75441502e-02   6.05283162e-01   9.96660307e-03   1.82088329e+00   1.67207593e-01
  7.40000000e+01   5.57413398e-01   7.63700529e-03   1.12650412e+00   2.86397835e-02   5.87737818e-01   1.00164936e-02   1.76702539e+00   1.72750677e-01
  7.50000000e+01   5.39506127e-01   7.68077890e-03   1.09525804e+00   2.90771232e-02   5.67124919e-01   1.00686119e-02   1.67261230e+00   1.73783396e-01
  7.60000000e+01   5.21562439e-01   7.69320704e-03   1.08047742e+00   3.00616785e-02   5.51375524e-01   1.00354211e-02   1.69078605e+00   1.77849996e-01
  7.70000000e+01   5.01456587e-01   7.70965367e-03   1.03733159e+00   3.09587435e-02   5.29464297e-01   1.00745966e-02   1.64869605e+00   1.82733418e-01
  7.80000000e+01   4.82412490e-01   7.68202354e-03   1.00149409e+00   3.21589653e-02   5.01537306e-01   9.92387459e-03   1.40154742e+00   1.84353118e-01
  7.90000000e+01   4.62019541e-01   7.71092180e-03   9.64781235e-01   3.31824188e-02   4.83743767e-01   9.86313443e-03   1.42042392e+00   1.93669251e-01
  8.00000000e+01   4.41555647e-01   7.65951397e-03   9.20301466e-01   3.34238378e-02   4.62153801e-01   9.79695552e-03   1.39314724e+00   2.01134718e-01
  8.10000000e+01   4.21434401e-01   7.56815951e-03   8.67279131e-01   3.36769239e-02   4.41499360e-01   9.94704281e-03   1.30125538e+00   2.05019089e-01
  8.20000000e+01   4.00878642e-01   7.50086719e-03   8.18528309e-01   3.35789107e-02   4.15571711e-01   9.83563480e-03   1.14086587e+00   2.03223217e-01
  8.30000000e+01   3.78966688e-01   7.30998741e-03   7.86151460e-01   3.44035962e-02   3.95211815e-01   9.74598139e-03   1.18593688e+00   2.20943026e-01
  8.40000000e+01   3.57256305e-01   7.14888803e-03   7.45226072e-01   3.41570407e-02   3.73055629e-01   9.55879499e-03   1.20757381e+00   2.32359803e-01
  8.50000000e+01   3.33399641e-01   6.94113319e-03   7.01108553e-01   3.39383124e-02   3.48285974e-01   9.28897104e-03   1.14961647e+00   2.33609254e-01
  8.60000000e+01   3.11735082e-01   6.72528475e-03   6.59387757e-01   3.35730243e-02   3.25477409e-01   9.18573167e-03   1.15674454e+00   2.42969550e-01
  8.70000000e+01   2.89151216e-01   6.46180252e-03   6.25451319e-01   3.40494887e-02   3.04193411e-01   8.93486863e-03   1.21859800e+00   2.54155960e-01
  8.80000000e+01   2.67540289e-01   6.21337785e-03   5.91850612e-01   3.39596323e-02   2.81030563e-01   8.84449725e-03   1.16673847e+00   2.62426059e-01
  8.90000000e+01   2.44584049e-01   5.90235511e-03   5.31252395e-01   3.29054113e-02   2.52322999e-01   8.49393093e-03   9.41154214e-01   2.53295679e-01
  9.00000000e+01   2.21776057e-01   5.58641108e-03   4.79396260e-01   3.14757017e-02   2.32033915e-01   8.11429762e-03   9.41962290e-01   2.57884968e-01
  9.10000000e+01   1.98452449e-01   5.21814507e-03   4.33711755e-01   3.06166432e-02   2.08469826e-01   7.86193288e-03   8.16593095e-01   2.54935407e-01
  9.20000000e+01   1.75477868e-01   4.80824301e-03   3.83812913e-01   2.97772724e-02   1.81195157e-01   7.37590809e-03   6.75538126e-01   2.46911422e-01
  9.30000000e+01   1.52585142e-01   4.34227565e-03   3.41222665e-01   2.83762744e-02   1.63166451e-01   7.00261974e-03   7.91696218e-01   2.50176734e-01
  9.40000000e+01   1.28838670e-01   3.82845938e-03   2.82479273e-01   2.60424075e-02   1.36244900e-01   6.59069207e-03   6.57505569e-01   2.42027260e-01
  9.50000000e+01   1.06320023e-01   3.31802870e-03   2.29145369e-01   2.37669810e-02   1.12971882e-01   6.08826254e-03   5.58090122e-01   2.27693893e-01
  9.60000000e+01   8.37512733e-02   2.77068802e-03   1.77125339e-01   2.14294259e-02   8.96877179e-02   5.56828916e-03   5.36176468e-01   2.18012790e-01
  9.70000000e+01   6.12539846e-02   2.17932402e-03   1.25985402e-01   1.79258221e-02   6.58530699e-02   4.44345282e-03   4.03875965e-01   1.84254617e-01
  9.80000000e+01   3.79704515e-02   1.51217546e-03   6.91975722e-02   1.40472530e-02   3.78436647e-02   3.52039641e-03   3.81295186e-02   1.41426194e-01
  9.90000000e+01   1.20617646e-02   7.18727163e-04   2.26031977e-02   8.01567151e-03   1.26589239e-02   2.03502673e-03   3.89057011e-04   8.49053518e-02
